version=1
vsync=0
fixed_fps=0
target_fps=144
resolution_scale=0.2500000
anti_aliasing=1
hdr=1
tone_map=1
exposure=1.0800000
shadow_method=1
shadow_cascades=4
shadow_distance=96.0000000
vsm_levels=3
vsm_first_radius=49.9000015
vsm_stabilize=1
vsm_cache_pages=1
vsm_debug_mode=0
shadow_filter_radius=2
shadow_depth_bias=0.0000080
shadow_normal_bias=0.0000100
contact_shadows=1
contact_length=1.3700000
contact_steps=9
distance_field_shadows=0
distance_field_distance=30.0000000
distance_field_steps=12
fog=1,1,-18.7999992,1.0000000,0.0000000,8.0000000,1.0000000,4.0000000,0.7200000,0.8000000,0.9200000
